Plane 0.0 -1.0 0.0 0.0 1.0 0.0 0.73 0.73 0.73 0.0 1.0 0.0 0.0 0.0 0

Plane 0.0 1.0 0.0 0.0 -1.0 0.0 0.73 0.73 0.73 0.0 1.0 0.0 0.0 0.0 0

Plane 0.0 0.0 -1.0 0.0 0.0 1.0 0.73 0.73 0.73 0.0 1.0 0.0 0.0 0.0 0

Plane -1.0 0.0 0.0 1.0 0.0 0.0 0.65 0.05 0.05 0.0 1.0 0.0 0.0 0.0 0

Plane 1.0 0.0 0.0 -1.0 0.0 0.0 0.12 0.45 0.15 0.0 1.0 0.0 0.0 0.0 0

Triangle -0.3 0.99 -0.3 0.3 0.99 -0.3 0.3 0.99 0.3 10.0 10.0 10.0 0.0 1.0 0.0 1 0.0 0.0

Triangle -0.3 0.99 -0.3 0.3 0.99 0.3 -0.3 0.99 0.3 10.0 10.0 10.0 0.0 1.0 0.0 1 0.0 0.0

Sphere -0.5 -0.7 -0.3 0.3 1.0 1.0 1.0 1.0 0.05 0.0 0 0.0 0.0 0

Sphere 0.5 -0.6 0.3 0.4 1.0 1.0 1.0 0.0 0.0 1.5 0 0.0 0.0 0

Camera 0.0 0.0 2.0 0.0 1.0 0.0 0.0 0.0 -1.0 1.0

Viewport 2.0 2.0

Lens 0.0 1.0